x <- 1:200
y <- 2*x
