x <- 1:200
y <- 2*x

x * 10
y * 10


xx <- 10